# param  best  median  e16  e84  p95  p99
#
# chi2 = 46.37
# dof = 31
# pte = 3.743e-02
#
c_c200        2.689e+01    1.687e+01   4.862e+00   4.862e+00    2.529e+01    2.848e+01
Msat1         1.099e+01    1.116e+01   5.465e-01   3.860e-01    1.176e+01    1.199e+01
Msat2         1.166e+01    1.204e+01   2.054e-01   2.006e-01    1.237e+01    1.263e+01
Msat3         1.197e+01    1.229e+01   2.210e-01   1.853e-01    1.260e+01    1.277e+01
Msat4         1.231e+01    1.243e+01   1.597e-01   1.636e-01    1.270e+01    1.281e+01
Msat5         1.254e+01    1.266e+01   2.191e-01   1.866e-01    1.298e+01    1.310e+01
achost        7.025e+00    6.085e+00   6.085e-01   5.615e-01    7.086e+00    7.624e+00
bchost       -7.123e-01   -8.549e-01   8.342e-02   1.548e-01   -5.816e-01    2.623e-01
Mhost1        1.501e+01    1.525e+01   2.009e-01   2.939e-01    1.575e+01    1.593e+01
Mhost2        1.492e+01    1.501e+01   1.116e-01   1.819e-01    1.550e+01    1.567e+01
Mhost3        1.508e+01    1.530e+01   2.128e-01   2.917e-01    1.581e+01    1.592e+01
Mhost4        1.489e+01    1.540e+01   4.421e-01   5.091e-01    1.597e+01    1.600e+01
Mhost5        1.574e+01    1.571e+01   3.182e-01   2.047e-01    1.598e+01    1.599e+01
lnprob       -4.853e+02   -4.929e+02   3.992e+00   3.314e+00   -4.875e+02   -4.862e+02
chost1        6.873e+00    3.666e+00   1.575e+00   1.986e+00    6.746e+00    8.281e+00
chost2        8.066e+00    5.965e+00   2.088e+00   1.953e+00    9.127e+00    1.033e+01
chost3        6.133e+00    3.341e+00   1.365e+00   1.863e+00    6.572e+00    8.058e+00
chost4        8.478e+00    2.614e+00   1.630e+00   4.006e+00    8.249e+00    1.072e+01
chost5        2.098e+00    1.602e+00   5.513e-01   1.220e+00    4.804e+00    6.949e+00
r200_host1    2.808e+00    3.369e+00   4.814e-01   8.526e-01    4.924e+00    5.680e+00
r200_host2    2.605e+00    2.801e+00   2.299e-01   4.198e-01    4.084e+00    4.630e+00
r200_host3    2.961e+00    3.510e+00   5.289e-01   8.809e-01    5.170e+00    5.628e+00
r200_host4    2.540e+00    3.764e+00   1.083e+00   1.799e+00    5.862e+00    5.959e+00
r200_host5    4.892e+00    4.799e+00   1.040e+00   8.163e-01    5.874e+00    5.959e+00
csat1         1.865e+01    1.198e+01   3.990e+00   4.085e+00    1.911e+01    2.351e+01
csat2         1.538e+01    8.990e+00   2.758e+00   2.756e+00    1.389e+01    1.579e+01
csat3         1.425e+01    8.602e+00   2.701e+00   2.742e+00    1.355e+01    1.537e+01
csat4         1.260e+01    8.386e+00   2.599e+00   2.329e+00    1.243e+01    1.424e+01
csat5         1.325e+01    8.072e+00   2.547e+00   2.462e+00    1.253e+01    1.451e+01
r200_sat1     1.266e-01    1.445e-01   5.139e-02   5.071e-02    2.301e-01    2.744e-01
r200_sat2     2.125e-01    2.846e-01   4.196e-02   4.776e-02    3.681e-01    4.505e-01
r200_sat3     2.697e-01    3.469e-01   5.488e-02   5.357e-02    4.411e-01    5.003e-01
r200_sat4     3.501e-01    3.849e-01   4.529e-02   5.231e-02    4.744e-01    5.154e-01
r200_sat5     4.172e-01    4.586e-01   7.291e-02   7.203e-02    5.863e-01    6.470e-01
rbg1          3.300e-02    3.500e-02   1.300e-02   1.100e-02    5.400e-02    6.700e-02
rbg2          6.200e-02    7.800e-02   1.100e-02   1.400e-02    1.010e-01    1.140e-01
rbg3          7.800e-02    9.100e-02   1.300e-02   1.500e-02    1.170e-01    1.310e-01
rbg4          1.230e-01    1.060e-01   1.500e-02   2.100e-02    1.490e-01    1.690e-01
rbg5          1.000e-01    1.190e-01   2.000e-02   2.300e-02    1.590e-01    1.910e-01
Msat_rbg1     1.064e+01    1.072e+01   5.511e-01   3.287e-01    1.126e+01    1.144e+01
Msat_rbg2     1.133e+01    1.161e+01   1.974e-01   1.545e-01    1.186e+01    1.202e+01
Msat_rbg3     1.163e+01    1.184e+01   1.925e-01   1.396e-01    1.207e+01    1.217e+01
Msat_rbg4     1.202e+01    1.200e+01   1.609e-01   1.279e-01    1.222e+01    1.231e+01
Msat_rbg5     1.212e+01    1.219e+01   2.102e-01   1.670e-01    1.245e+01    1.254e+01
Menclosed1_1    1.016e+01    1.007e+01   2.777e-01   1.775e-01    1.035e+01    1.043e+01
Menclosed1_2    1.048e+01    1.041e+01   1.364e-01   1.101e-01    1.057e+01    1.063e+01
Menclosed1_3    1.060e+01    1.050e+01   1.346e-01   1.047e-01    1.066e+01    1.073e+01
Menclosed1_4    1.071e+01    1.054e+01   1.516e-01   1.243e-01    1.072e+01    1.078e+01
Menclosed1_5    1.083e+01    1.061e+01   1.573e-01   1.252e-01    1.080e+01    1.087e+01
Menclosed2_1    1.047e+01    1.046e+01   3.313e-01   1.950e-01    1.076e+01    1.084e+01
Menclosed2_2    1.086e+01    1.088e+01   1.137e-01   9.422e-02    1.104e+01    1.108e+01
Menclosed2_3    1.102e+01    1.099e+01   1.178e-01   8.690e-02    1.113e+01    1.118e+01
Menclosed2_4    1.117e+01    1.105e+01   1.269e-01   1.031e-01    1.120e+01    1.125e+01
Menclosed2_5    1.131e+01    1.113e+01   1.342e-01   1.128e-01    1.130e+01    1.136e+01
Menclosed3_1    1.061e+01    1.065e+01   3.721e-01   2.101e-01    1.098e+01    1.106e+01
Menclosed3_2    1.105e+01    1.112e+01   1.082e-01   8.966e-02    1.127e+01    1.132e+01
Menclosed3_3    1.124e+01    1.125e+01   1.148e-01   7.961e-02    1.138e+01    1.142e+01
Menclosed3_4    1.141e+01    1.131e+01   1.087e-01   9.435e-02    1.146e+01    1.151e+01
Menclosed3_5    1.155e+01    1.141e+01   1.251e-01   1.014e-01    1.157e+01    1.161e+01
lnprior      -3.634e+02   -3.628e+02   1.001e+00   3.095e-01   -3.624e+02   -3.624e+02
chi2          4.637e+01    6.223e+01   6.070e+00   7.499e+00    7.481e+01    8.069e+01
lnlike       -1.219e+02   -1.298e+02   3.750e+00   3.035e+00   -1.248e+02   -1.232e+02
